function [I] = Eye3()
I = [ 1 0 0 0 0 1 0 0 0 0 1 0 ];
end